0 0 0 0 0 0 0x0
0 0 1 0 0 0 0x0
0 0 2 0 0 0 0x0
0 0 3 0 0 0 0x0
0 0 4 0 0 0 0x0
0 0 5 0 0 0 0x0
0 0 6 0 0 0 0x0
0 0 7 0 0 0 0x0
0 0 8 0 0 0 0x0
0 0 9 0 0 0 0x0
0 0 10 0 0 0 0x0
0 0 11 0 0 0 0x0
0 0 12 0 0 0 0x0
0 0 13 0 0 0 0x0
0 0 14 0 0 0 0x0
0 0 15 0 0 0 0x0
0 1 0 0 0 0 0x0
0 1 1 0 0 0 0x0
0 1 2 0 0 0 0x0
0 1 3 0 0 0 0x0
0 1 4 0 0 0 0x0
0 1 5 0 0 0 0x0
0 1 6 0 0 0 0x0
0 1 7 0 0 0 0x0
0 1 8 0 0 0 0x0
0 1 9 0 0 0 0x0
0 1 10 0 0 0 0x0
0 1 11 0 0 0 0x0
0 1 12 0 0 0 0x0
0 1 13 0 0 0 0x0
0 1 14 0 0 0 0x0
0 1 15 0 0 0 0x0
0 2 0 0 0 0 0x0
0 2 1 0 0 0 0x0
0 2 2 0 0 0 0x0
0 2 3 0 0 0 0x0
0 2 4 0 0 0 0x0
0 2 5 0 0 0 0x0
0 2 6 0 0 0 0x0
0 2 7 0 0 0 0x0
0 2 8 0 0 0 0x0
0 2 9 0 0 0 0x0
0 2 10 0 0 0 0x0
0 2 11 0 0 0 0x0
0 2 12 0 0 0 0x0
0 2 13 0 0 0 0x0
0 2 14 0 0 0 0x0
0 2 15 0 0 0 0x0
0 3 0 0 0 0 0x0
0 3 1 0 0 0 0x0
0 3 2 0 0 0 0x0
0 3 3 0 0 0 0x0
0 3 4 0 0 0 0x0
0 3 5 0 0 0 0x0
0 3 6 0 0 0 0x0
0 3 7 0 0 0 0x0
0 3 8 0 0 0 0x0
0 3 9 0 0 0 0x0
0 3 10 0 0 0 0x0
0 3 11 0 0 0 0x0
0 3 12 0 0 0 0x0
0 3 13 0 0 0 0x0
0 3 14 0 0 0 0x0
0 3 15 0 0 0 0x0
0 4 0 0 0 0 0x0
0 4 1 0 0 0 0x0
0 4 2 0 0 0 0x0
0 4 3 0 0 0 0x0
0 4 4 0 0 0 0x0
0 4 5 0 0 0 0x0
0 4 6 0 0 0 0x0
0 4 7 0 0 0 0x0
0 4 8 0 0 0 0x0
0 4 9 0 0 0 0x0
0 4 10 0 0 0 0x0
0 4 11 0 0 0 0x0
0 4 12 0 0 0 0x0
0 4 13 0 0 0 0x0
0 4 14 0 0 0 0x0
0 4 15 0 0 0 0x0
0 5 0 0 0 0 0x0
0 5 1 0 0 0 0x0
0 5 2 0 0 0 0x0
0 5 3 0 0 0 0x0
0 5 4 0 0 0 0x0
0 5 5 0 0 0 0x0
0 5 6 0 0 0 0x0
0 5 7 0 0 0 0x0
0 5 8 0 0 0 0x0
0 5 9 0 0 0 0x0
0 5 10 0 0 0 0x0
0 5 11 0 0 0 0x0
0 5 12 0 0 0 0x0
0 5 13 0 0 0 0x0
0 5 14 0 0 0 0x0
0 5 15 0 0 0 0x0
0 6 0 0 0 0 0x0
0 6 1 0 0 0 0x0
0 6 2 0 0 0 0x0
0 6 3 0 0 0 0x0
0 6 4 0 0 0 0x0
0 6 5 0 0 0 0x0
0 6 6 0 0 0 0x0
0 6 7 0 0 0 0x0
0 6 8 0 0 0 0x0
0 6 9 0 0 0 0x0
0 6 10 0 0 0 0x0
0 6 11 0 0 0 0x0
0 6 12 0 0 0 0x0
0 6 13 0 0 0 0x0
0 6 14 0 0 0 0x0
0 6 15 0 0 0 0x0
0 7 0 0 0 0 0x0
0 7 1 0 0 0 0x0
0 7 2 0 0 0 0x0
0 7 3 0 0 0 0x0
0 7 4 0 0 0 0x0
0 7 5 0 0 0 0x0
0 7 6 0 0 0 0x0
0 7 7 0 0 0 0x0
0 7 8 0 0 0 0x0
0 7 9 0 0 0 0x0
0 7 10 0 0 0 0x0
0 7 11 0 0 0 0x0
0 7 12 0 0 0 0x0
0 7 13 0 0 0 0x0
0 7 14 0 0 0 0x0
0 7 15 0 0 0 0x0
0 8 0 0 0 0 0x0
0 8 1 0 0 0 0x0
0 8 2 0 0 0 0x0
0 8 3 0 0 0 0x0
0 8 4 0 0 0 0x0
0 8 5 0 0 0 0x0
0 8 6 0 0 0 0x0
0 8 7 0 0 0 0x0
0 8 8 0 0 0 0x0
0 8 9 0 0 0 0x0
0 8 10 0 0 0 0x0
0 8 11 0 0 0 0x0
0 8 12 0 0 0 0x0
0 8 13 0 0 0 0x0
0 8 14 0 0 0 0x0
0 8 15 0 0 0 0x0
0 9 0 0 0 0 0x0
0 9 1 0 0 0 0x0
0 9 2 0 0 0 0x0
0 9 3 0 0 0 0x0
0 9 4 0 0 0 0x0
0 9 5 0 0 0 0x0
0 9 6 0 0 0 0x0
0 9 7 0 0 0 0x0
0 9 8 0 0 0 0x0
0 9 9 0 0 0 0x0
0 9 10 0 0 0 0x0
0 9 11 0 0 0 0x0
0 9 12 0 0 0 0x0
0 9 13 0 0 0 0x0
0 9 14 0 0 0 0x0
0 9 15 0 0 0 0x0
0 10 0 0 0 0 0x0
0 10 1 0 0 0 0x0
0 10 2 0 0 0 0x0
0 10 3 0 0 0 0x0
0 10 4 0 0 0 0x0
0 10 5 0 0 0 0x0
0 10 6 0 0 0 0x0
0 10 7 0 0 0 0x0
0 10 8 0 0 0 0x0
0 10 9 0 0 0 0x0
0 10 10 0 0 0 0x0
0 10 11 0 0 0 0x0
0 10 12 0 0 0 0x0
0 10 13 0 0 0 0x0
0 10 14 0 0 0 0x0
0 10 15 0 0 0 0x0
0 11 0 0 0 0 0x0
0 11 1 0 0 0 0x0
0 11 2 0 0 0 0x0
0 11 3 0 0 0 0x0
0 11 4 0 0 0 0x0
0 11 5 0 0 0 0x0
0 11 6 0 0 0 0x0
0 11 7 0 0 0 0x0
0 11 8 0 0 0 0x0
0 11 9 0 0 0 0x0
0 11 10 0 0 0 0x0
0 11 11 0 0 0 0x0
0 11 12 0 0 0 0x0
0 11 13 0 0 0 0x0
0 11 14 0 0 0 0x0
0 11 15 0 0 0 0x0
0 12 0 0 0 0 0x0
0 12 1 0 0 0 0x0
0 12 2 0 0 0 0x0
0 12 3 0 0 0 0x0
0 12 4 0 0 0 0x0
0 12 5 0 0 0 0x0
0 12 6 0 0 0 0x0
0 12 7 0 0 0 0x0
0 12 8 0 0 0 0x0
0 12 9 0 0 0 0x0
0 12 10 0 0 0 0x0
0 12 11 0 0 0 0x0
0 12 12 0 0 0 0x0
0 12 13 0 0 0 0x0
0 12 14 0 0 0 0x0
0 12 15 0 0 0 0x0
0 13 0 0 0 0 0x0
0 13 1 0 0 0 0x0
0 13 2 0 0 0 0x0
0 13 3 0 0 0 0x0
0 13 4 0 0 0 0x0
0 13 5 0 0 0 0x0
0 13 6 0 0 0 0x0
0 13 7 0 0 0 0x0
0 13 8 0 0 0 0x0
0 13 9 0 0 0 0x0
0 13 10 0 0 0 0x0
0 13 11 0 0 0 0x0
0 13 12 0 0 0 0x0
0 13 13 0 0 0 0x0
0 13 14 0 0 0 0x0
0 13 15 0 0 0 0x0
0 14 0 0 0 0 0x0
0 14 1 0 0 0 0x0
0 14 2 0 0 0 0x0
0 14 3 0 0 0 0x0
0 14 4 0 0 0 0x0
0 14 5 0 0 0 0x0
0 14 6 0 0 0 0x0
0 14 7 0 0 0 0x0
0 14 8 0 0 0 0x0
0 14 9 0 0 0 0x0
0 14 10 0 0 0 0x0
0 14 11 0 0 0 0x0
0 14 12 0 0 0 0x0
0 14 13 0 0 0 0x0
0 14 14 0 0 0 0x0
0 14 15 0 0 0 0x0
0 15 0 0 0 0 0x0
0 15 1 0 0 0 0x0
0 15 2 0 0 0 0x0
0 15 3 0 0 0 0x0
0 15 4 0 0 0 0x0
0 15 5 0 0 0 0x0
0 15 6 0 0 0 0x0
0 15 7 0 0 0 0x0
0 15 8 0 0 0 0x0
0 15 9 0 0 0 0x0
0 15 10 0 0 0 0x0
0 15 11 0 0 0 0x0
0 15 12 0 0 0 0x0
0 15 13 0 0 0 0x0
0 15 14 0 0 0 0x0
0 15 15 0 0 0 0x0
10 0 0 0 0 0 0x0
10 0 1 0 10 10 0x41200000
10 0 2 0 20 20 0x41a00000
10 0 3 0 30 30 0x41f00000
10 0 4 0 40 40 0x42200000
10 0 5 0 50 50 0x42480000
10 0 6 0 60 60 0x42700000
10 0 7 0 70 70 0x428c0000
10 0 8 0 80 80 0x42a00000
10 0 9 0 90 90 0x42b40000
10 0 10 0 100 100 0x42c80000
10 0 11 0 110 110 0x42dc0000
10 0 12 0 120 120 0x42f00000
10 0 13 0 130 130 0x43020000
10 0 14 0 140 140 0x430c0000
10 0 15 0 150 150 0x43160000
10 1 0 10 0 10 0x41200000
10 1 1 10 10 20 0x41a00000
10 1 2 10 20 30 0x41f00000
10 1 3 10 30 40 0x42200000
10 1 4 10 40 50 0x42480000
10 1 5 10 50 60 0x42700000
10 1 6 10 60 70 0x428c0000
10 1 7 10 70 80 0x42a00000
10 1 8 10 80 90 0x42b40000
10 1 9 10 90 100 0x42c80000
10 1 10 10 100 110 0x42dc0000
10 1 11 10 110 120 0x42f00000
10 1 12 10 120 130 0x43020000
10 1 13 10 130 140 0x430c0000
10 1 14 10 140 150 0x43160000
10 1 15 10 150 160 0x43200000
10 2 0 20 0 20 0x41a00000
10 2 1 20 10 30 0x41f00000
10 2 2 20 20 40 0x42200000
10 2 3 20 30 50 0x42480000
10 2 4 20 40 60 0x42700000
10 2 5 20 50 70 0x428c0000
10 2 6 20 60 80 0x42a00000
10 2 7 20 70 90 0x42b40000
10 2 8 20 80 100 0x42c80000
10 2 9 20 90 110 0x42dc0000
10 2 10 20 100 120 0x42f00000
10 2 11 20 110 130 0x43020000
10 2 12 20 120 140 0x430c0000
10 2 13 20 130 150 0x43160000
10 2 14 20 140 160 0x43200000
10 2 15 20 150 170 0x432a0000
10 3 0 30 0 30 0x41f00000
10 3 1 30 10 40 0x42200000
10 3 2 30 20 50 0x42480000
10 3 3 30 30 60 0x42700000
10 3 4 30 40 70 0x428c0000
10 3 5 30 50 80 0x42a00000
10 3 6 30 60 90 0x42b40000
10 3 7 30 70 100 0x42c80000
10 3 8 30 80 110 0x42dc0000
10 3 9 30 90 120 0x42f00000
10 3 10 30 100 130 0x43020000
10 3 11 30 110 140 0x430c0000
10 3 12 30 120 150 0x43160000
10 3 13 30 130 160 0x43200000
10 3 14 30 140 170 0x432a0000
10 3 15 30 150 180 0x43340000
10 4 0 40 0 40 0x42200000
10 4 1 40 10 50 0x42480000
10 4 2 40 20 60 0x42700000
10 4 3 40 30 70 0x428c0000
10 4 4 40 40 80 0x42a00000
10 4 5 40 50 90 0x42b40000
10 4 6 40 60 100 0x42c80000
10 4 7 40 70 110 0x42dc0000
10 4 8 40 80 120 0x42f00000
10 4 9 40 90 130 0x43020000
10 4 10 40 100 140 0x430c0000
10 4 11 40 110 150 0x43160000
10 4 12 40 120 160 0x43200000
10 4 13 40 130 170 0x432a0000
10 4 14 40 140 180 0x43340000
10 4 15 40 150 190 0x433e0000
10 5 0 50 0 50 0x42480000
10 5 1 50 10 60 0x42700000
10 5 2 50 20 70 0x428c0000
10 5 3 50 30 80 0x42a00000
10 5 4 50 40 90 0x42b40000
10 5 5 50 50 100 0x42c80000
10 5 6 50 60 110 0x42dc0000
10 5 7 50 70 120 0x42f00000
10 5 8 50 80 130 0x43020000
10 5 9 50 90 140 0x430c0000
10 5 10 50 100 150 0x43160000
10 5 11 50 110 160 0x43200000
10 5 12 50 120 170 0x432a0000
10 5 13 50 130 180 0x43340000
10 5 14 50 140 190 0x433e0000
10 5 15 50 150 200 0x43480000
10 6 0 60 0 60 0x42700000
10 6 1 60 10 70 0x428c0000
10 6 2 60 20 80 0x42a00000
10 6 3 60 30 90 0x42b40000
10 6 4 60 40 100 0x42c80000
10 6 5 60 50 110 0x42dc0000
10 6 6 60 60 120 0x42f00000
10 6 7 60 70 130 0x43020000
10 6 8 60 80 140 0x430c0000
10 6 9 60 90 150 0x43160000
10 6 10 60 100 160 0x43200000
10 6 11 60 110 170 0x432a0000
10 6 12 60 120 180 0x43340000
10 6 13 60 130 190 0x433e0000
10 6 14 60 140 200 0x43480000
10 6 15 60 150 210 0x43520000
10 7 0 70 0 70 0x428c0000
10 7 1 70 10 80 0x42a00000
10 7 2 70 20 90 0x42b40000
10 7 3 70 30 100 0x42c80000
10 7 4 70 40 110 0x42dc0000
10 7 5 70 50 120 0x42f00000
10 7 6 70 60 130 0x43020000
10 7 7 70 70 140 0x430c0000
10 7 8 70 80 150 0x43160000
10 7 9 70 90 160 0x43200000
10 7 10 70 100 170 0x432a0000
10 7 11 70 110 180 0x43340000
10 7 12 70 120 190 0x433e0000
10 7 13 70 130 200 0x43480000
10 7 14 70 140 210 0x43520000
10 7 15 70 150 220 0x435c0000
10 8 0 80 0 80 0x42a00000
10 8 1 80 10 90 0x42b40000
10 8 2 80 20 100 0x42c80000
10 8 3 80 30 110 0x42dc0000
10 8 4 80 40 120 0x42f00000
10 8 5 80 50 130 0x43020000
10 8 6 80 60 140 0x430c0000
10 8 7 80 70 150 0x43160000
10 8 8 80 80 160 0x43200000
10 8 9 80 90 170 0x432a0000
10 8 10 80 100 180 0x43340000
10 8 11 80 110 190 0x433e0000
10 8 12 80 120 200 0x43480000
10 8 13 80 130 210 0x43520000
10 8 14 80 140 220 0x435c0000
10 8 15 80 150 230 0x43660000
10 9 0 90 0 90 0x42b40000
10 9 1 90 10 100 0x42c80000
10 9 2 90 20 110 0x42dc0000
10 9 3 90 30 120 0x42f00000
10 9 4 90 40 130 0x43020000
10 9 5 90 50 140 0x430c0000
10 9 6 90 60 150 0x43160000
10 9 7 90 70 160 0x43200000
10 9 8 90 80 170 0x432a0000
10 9 9 90 90 180 0x43340000
10 9 10 90 100 190 0x433e0000
10 9 11 90 110 200 0x43480000
10 9 12 90 120 210 0x43520000
10 9 13 90 130 220 0x435c0000
10 9 14 90 140 230 0x43660000
10 9 15 90 150 240 0x43700000
10 10 0 100 0 100 0x42c80000
10 10 1 100 10 110 0x42dc0000
10 10 2 100 20 120 0x42f00000
10 10 3 100 30 130 0x43020000
10 10 4 100 40 140 0x430c0000
10 10 5 100 50 150 0x43160000
10 10 6 100 60 160 0x43200000
10 10 7 100 70 170 0x432a0000
10 10 8 100 80 180 0x43340000
10 10 9 100 90 190 0x433e0000
10 10 10 100 100 200 0x43480000
10 10 11 100 110 210 0x43520000
10 10 12 100 120 220 0x435c0000
10 10 13 100 130 230 0x43660000
10 10 14 100 140 240 0x43700000
10 10 15 100 150 250 0x437a0000
10 11 0 110 0 110 0x42dc0000
10 11 1 110 10 120 0x42f00000
10 11 2 110 20 130 0x43020000
10 11 3 110 30 140 0x430c0000
10 11 4 110 40 150 0x43160000
10 11 5 110 50 160 0x43200000
10 11 6 110 60 170 0x432a0000
10 11 7 110 70 180 0x43340000
10 11 8 110 80 190 0x433e0000
10 11 9 110 90 200 0x43480000
10 11 10 110 100 210 0x43520000
10 11 11 110 110 220 0x435c0000
10 11 12 110 120 230 0x43660000
10 11 13 110 130 240 0x43700000
10 11 14 110 140 250 0x437a0000
10 11 15 110 150 260 0x43820000
10 12 0 120 0 120 0x42f00000
10 12 1 120 10 130 0x43020000
10 12 2 120 20 140 0x430c0000
10 12 3 120 30 150 0x43160000
10 12 4 120 40 160 0x43200000
10 12 5 120 50 170 0x432a0000
10 12 6 120 60 180 0x43340000
10 12 7 120 70 190 0x433e0000
10 12 8 120 80 200 0x43480000
10 12 9 120 90 210 0x43520000
10 12 10 120 100 220 0x435c0000
10 12 11 120 110 230 0x43660000
10 12 12 120 120 240 0x43700000
10 12 13 120 130 250 0x437a0000
10 12 14 120 140 260 0x43820000
10 12 15 120 150 270 0x43870000
10 13 0 130 0 130 0x43020000
10 13 1 130 10 140 0x430c0000
10 13 2 130 20 150 0x43160000
10 13 3 130 30 160 0x43200000
10 13 4 130 40 170 0x432a0000
10 13 5 130 50 180 0x43340000
10 13 6 130 60 190 0x433e0000
10 13 7 130 70 200 0x43480000
10 13 8 130 80 210 0x43520000
10 13 9 130 90 220 0x435c0000
10 13 10 130 100 230 0x43660000
10 13 11 130 110 240 0x43700000
10 13 12 130 120 250 0x437a0000
10 13 13 130 130 260 0x43820000
10 13 14 130 140 270 0x43870000
10 13 15 130 150 280 0x438c0000
10 14 0 140 0 140 0x430c0000
10 14 1 140 10 150 0x43160000
10 14 2 140 20 160 0x43200000
10 14 3 140 30 170 0x432a0000
10 14 4 140 40 180 0x43340000
10 14 5 140 50 190 0x433e0000
10 14 6 140 60 200 0x43480000
10 14 7 140 70 210 0x43520000
10 14 8 140 80 220 0x435c0000
10 14 9 140 90 230 0x43660000
10 14 10 140 100 240 0x43700000
10 14 11 140 110 250 0x437a0000
10 14 12 140 120 260 0x43820000
10 14 13 140 130 270 0x43870000
10 14 14 140 140 280 0x438c0000
10 14 15 140 150 290 0x43910000
10 15 0 150 0 150 0x43160000
10 15 1 150 10 160 0x43200000
10 15 2 150 20 170 0x432a0000
10 15 3 150 30 180 0x43340000
10 15 4 150 40 190 0x433e0000
10 15 5 150 50 200 0x43480000
10 15 6 150 60 210 0x43520000
10 15 7 150 70 220 0x435c0000
10 15 8 150 80 230 0x43660000
10 15 9 150 90 240 0x43700000
10 15 10 150 100 250 0x437a0000
10 15 11 150 110 260 0x43820000
10 15 12 150 120 270 0x43870000
10 15 13 150 130 280 0x438c0000
10 15 14 150 140 290 0x43910000
10 15 15 150 150 300 0x43960000
20 0 0 0 0 0 0x0
20 0 1 0 20 20 0x41a00000
20 0 2 0 40 40 0x42200000
20 0 3 0 60 60 0x42700000
20 0 4 0 80 80 0x42a00000
20 0 5 0 100 100 0x42c80000
20 0 6 0 120 120 0x42f00000
20 0 7 0 140 140 0x430c0000
20 0 8 0 160 160 0x43200000
20 0 9 0 180 180 0x43340000
20 0 10 0 200 200 0x43480000
20 0 11 0 220 220 0x435c0000
20 0 12 0 240 240 0x43700000
20 0 13 0 260 260 0x43820000
20 0 14 0 280 280 0x438c0000
20 0 15 0 300 300 0x43960000
20 1 0 20 0 20 0x41a00000
20 1 1 20 20 40 0x42200000
20 1 2 20 40 60 0x42700000
20 1 3 20 60 80 0x42a00000
20 1 4 20 80 100 0x42c80000
20 1 5 20 100 120 0x42f00000
20 1 6 20 120 140 0x430c0000
20 1 7 20 140 160 0x43200000
20 1 8 20 160 180 0x43340000
20 1 9 20 180 200 0x43480000
20 1 10 20 200 220 0x435c0000
20 1 11 20 220 240 0x43700000
20 1 12 20 240 260 0x43820000
20 1 13 20 260 280 0x438c0000
20 1 14 20 280 300 0x43960000
20 1 15 20 300 320 0x43a00000
20 2 0 40 0 40 0x42200000
20 2 1 40 20 60 0x42700000
20 2 2 40 40 80 0x42a00000
20 2 3 40 60 100 0x42c80000
20 2 4 40 80 120 0x42f00000
20 2 5 40 100 140 0x430c0000
20 2 6 40 120 160 0x43200000
20 2 7 40 140 180 0x43340000
20 2 8 40 160 200 0x43480000
20 2 9 40 180 220 0x435c0000
20 2 10 40 200 240 0x43700000
20 2 11 40 220 260 0x43820000
20 2 12 40 240 280 0x438c0000
20 2 13 40 260 300 0x43960000
20 2 14 40 280 320 0x43a00000
20 2 15 40 300 340 0x43aa0000
20 3 0 60 0 60 0x42700000
20 3 1 60 20 80 0x42a00000
20 3 2 60 40 100 0x42c80000
20 3 3 60 60 120 0x42f00000
20 3 4 60 80 140 0x430c0000
20 3 5 60 100 160 0x43200000
20 3 6 60 120 180 0x43340000
20 3 7 60 140 200 0x43480000
20 3 8 60 160 220 0x435c0000
20 3 9 60 180 240 0x43700000
20 3 10 60 200 260 0x43820000
20 3 11 60 220 280 0x438c0000
20 3 12 60 240 300 0x43960000
20 3 13 60 260 320 0x43a00000
20 3 14 60 280 340 0x43aa0000
20 3 15 60 300 360 0x43b40000
20 4 0 80 0 80 0x42a00000
20 4 1 80 20 100 0x42c80000
20 4 2 80 40 120 0x42f00000
20 4 3 80 60 140 0x430c0000
20 4 4 80 80 160 0x43200000
20 4 5 80 100 180 0x43340000
20 4 6 80 120 200 0x43480000
20 4 7 80 140 220 0x435c0000
20 4 8 80 160 240 0x43700000
20 4 9 80 180 260 0x43820000
20 4 10 80 200 280 0x438c0000
20 4 11 80 220 300 0x43960000
20 4 12 80 240 320 0x43a00000
20 4 13 80 260 340 0x43aa0000
20 4 14 80 280 360 0x43b40000
20 4 15 80 300 380 0x43be0000
20 5 0 100 0 100 0x42c80000
20 5 1 100 20 120 0x42f00000
20 5 2 100 40 140 0x430c0000
20 5 3 100 60 160 0x43200000
20 5 4 100 80 180 0x43340000
20 5 5 100 100 200 0x43480000
20 5 6 100 120 220 0x435c0000
20 5 7 100 140 240 0x43700000
20 5 8 100 160 260 0x43820000
20 5 9 100 180 280 0x438c0000
20 5 10 100 200 300 0x43960000
20 5 11 100 220 320 0x43a00000
20 5 12 100 240 340 0x43aa0000
20 5 13 100 260 360 0x43b40000
20 5 14 100 280 380 0x43be0000
20 5 15 100 300 400 0x43c80000
20 6 0 120 0 120 0x42f00000
20 6 1 120 20 140 0x430c0000
20 6 2 120 40 160 0x43200000
20 6 3 120 60 180 0x43340000
20 6 4 120 80 200 0x43480000
20 6 5 120 100 220 0x435c0000
20 6 6 120 120 240 0x43700000
20 6 7 120 140 260 0x43820000
20 6 8 120 160 280 0x438c0000
20 6 9 120 180 300 0x43960000
20 6 10 120 200 320 0x43a00000
20 6 11 120 220 340 0x43aa0000
20 6 12 120 240 360 0x43b40000
20 6 13 120 260 380 0x43be0000
20 6 14 120 280 400 0x43c80000
20 6 15 120 300 420 0x43d20000
20 7 0 140 0 140 0x430c0000
20 7 1 140 20 160 0x43200000
20 7 2 140 40 180 0x43340000
20 7 3 140 60 200 0x43480000
20 7 4 140 80 220 0x435c0000
20 7 5 140 100 240 0x43700000
20 7 6 140 120 260 0x43820000
20 7 7 140 140 280 0x438c0000
20 7 8 140 160 300 0x43960000
20 7 9 140 180 320 0x43a00000
20 7 10 140 200 340 0x43aa0000
20 7 11 140 220 360 0x43b40000
20 7 12 140 240 380 0x43be0000
20 7 13 140 260 400 0x43c80000
20 7 14 140 280 420 0x43d20000
20 7 15 140 300 440 0x43dc0000
20 8 0 160 0 160 0x43200000
20 8 1 160 20 180 0x43340000
20 8 2 160 40 200 0x43480000
20 8 3 160 60 220 0x435c0000
20 8 4 160 80 240 0x43700000
20 8 5 160 100 260 0x43820000
20 8 6 160 120 280 0x438c0000
20 8 7 160 140 300 0x43960000
20 8 8 160 160 320 0x43a00000
20 8 9 160 180 340 0x43aa0000
20 8 10 160 200 360 0x43b40000
20 8 11 160 220 380 0x43be0000
20 8 12 160 240 400 0x43c80000
20 8 13 160 260 420 0x43d20000
20 8 14 160 280 440 0x43dc0000
20 8 15 160 300 460 0x43e60000
20 9 0 180 0 180 0x43340000
20 9 1 180 20 200 0x43480000
20 9 2 180 40 220 0x435c0000
20 9 3 180 60 240 0x43700000
20 9 4 180 80 260 0x43820000
20 9 5 180 100 280 0x438c0000
20 9 6 180 120 300 0x43960000
20 9 7 180 140 320 0x43a00000
20 9 8 180 160 340 0x43aa0000
20 9 9 180 180 360 0x43b40000
20 9 10 180 200 380 0x43be0000
20 9 11 180 220 400 0x43c80000
20 9 12 180 240 420 0x43d20000
20 9 13 180 260 440 0x43dc0000
20 9 14 180 280 460 0x43e60000
20 9 15 180 300 480 0x43f00000
20 10 0 200 0 200 0x43480000
20 10 1 200 20 220 0x435c0000
20 10 2 200 40 240 0x43700000
20 10 3 200 60 260 0x43820000
20 10 4 200 80 280 0x438c0000
20 10 5 200 100 300 0x43960000
20 10 6 200 120 320 0x43a00000
20 10 7 200 140 340 0x43aa0000
20 10 8 200 160 360 0x43b40000
20 10 9 200 180 380 0x43be0000
20 10 10 200 200 400 0x43c80000
20 10 11 200 220 420 0x43d20000
20 10 12 200 240 440 0x43dc0000
20 10 13 200 260 460 0x43e60000
20 10 14 200 280 480 0x43f00000
20 10 15 200 300 500 0x43fa0000
20 11 0 220 0 220 0x435c0000
20 11 1 220 20 240 0x43700000
20 11 2 220 40 260 0x43820000
20 11 3 220 60 280 0x438c0000
20 11 4 220 80 300 0x43960000
20 11 5 220 100 320 0x43a00000
20 11 6 220 120 340 0x43aa0000
20 11 7 220 140 360 0x43b40000
20 11 8 220 160 380 0x43be0000
20 11 9 220 180 400 0x43c80000
20 11 10 220 200 420 0x43d20000
20 11 11 220 220 440 0x43dc0000
20 11 12 220 240 460 0x43e60000
20 11 13 220 260 480 0x43f00000
20 11 14 220 280 500 0x43fa0000
20 11 15 220 300 520 0x44020000
20 12 0 240 0 240 0x43700000
20 12 1 240 20 260 0x43820000
20 12 2 240 40 280 0x438c0000
20 12 3 240 60 300 0x43960000
20 12 4 240 80 320 0x43a00000
20 12 5 240 100 340 0x43aa0000
20 12 6 240 120 360 0x43b40000
20 12 7 240 140 380 0x43be0000
20 12 8 240 160 400 0x43c80000
20 12 9 240 180 420 0x43d20000
20 12 10 240 200 440 0x43dc0000
20 12 11 240 220 460 0x43e60000
20 12 12 240 240 480 0x43f00000
20 12 13 240 260 500 0x43fa0000
20 12 14 240 280 520 0x44020000
20 12 15 240 300 540 0x44070000
20 13 0 260 0 260 0x43820000
20 13 1 260 20 280 0x438c0000
20 13 2 260 40 300 0x43960000
20 13 3 260 60 320 0x43a00000
20 13 4 260 80 340 0x43aa0000
20 13 5 260 100 360 0x43b40000
20 13 6 260 120 380 0x43be0000
20 13 7 260 140 400 0x43c80000
20 13 8 260 160 420 0x43d20000
20 13 9 260 180 440 0x43dc0000
20 13 10 260 200 460 0x43e60000
20 13 11 260 220 480 0x43f00000
20 13 12 260 240 500 0x43fa0000
20 13 13 260 260 520 0x44020000
20 13 14 260 280 540 0x44070000
20 13 15 260 300 560 0x440c0000
20 14 0 280 0 280 0x438c0000
20 14 1 280 20 300 0x43960000
20 14 2 280 40 320 0x43a00000
20 14 3 280 60 340 0x43aa0000
20 14 4 280 80 360 0x43b40000
20 14 5 280 100 380 0x43be0000
20 14 6 280 120 400 0x43c80000
20 14 7 280 140 420 0x43d20000
20 14 8 280 160 440 0x43dc0000
20 14 9 280 180 460 0x43e60000
20 14 10 280 200 480 0x43f00000
20 14 11 280 220 500 0x43fa0000
20 14 12 280 240 520 0x44020000
20 14 13 280 260 540 0x44070000
20 14 14 280 280 560 0x440c0000
20 14 15 280 300 580 0x44110000
20 15 0 300 0 300 0x43960000
20 15 1 300 20 320 0x43a00000
20 15 2 300 40 340 0x43aa0000
20 15 3 300 60 360 0x43b40000
20 15 4 300 80 380 0x43be0000
20 15 5 300 100 400 0x43c80000
20 15 6 300 120 420 0x43d20000
20 15 7 300 140 440 0x43dc0000
20 15 8 300 160 460 0x43e60000
20 15 9 300 180 480 0x43f00000
20 15 10 300 200 500 0x43fa0000
20 15 11 300 220 520 0x44020000
20 15 12 300 240 540 0x44070000
20 15 13 300 260 560 0x440c0000
20 15 14 300 280 580 0x44110000
20 15 15 300 300 600 0x44160000
30 0 0 0 0 0 0x0
30 0 1 0 30 30 0x41f00000
30 0 2 0 60 60 0x42700000
30 0 3 0 90 90 0x42b40000
30 0 4 0 120 120 0x42f00000
30 0 5 0 150 150 0x43160000
30 0 6 0 180 180 0x43340000
30 0 7 0 210 210 0x43520000
30 0 8 0 240 240 0x43700000
30 0 9 0 270 270 0x43870000
30 0 10 0 300 300 0x43960000
30 0 11 0 330 330 0x43a50000
30 0 12 0 360 360 0x43b40000
30 0 13 0 390 390 0x43c30000
30 0 14 0 420 420 0x43d20000
30 0 15 0 450 450 0x43e10000
30 1 0 30 0 30 0x41f00000
30 1 1 30 30 60 0x42700000
30 1 2 30 60 90 0x42b40000
30 1 3 30 90 120 0x42f00000
30 1 4 30 120 150 0x43160000
30 1 5 30 150 180 0x43340000
30 1 6 30 180 210 0x43520000
30 1 7 30 210 240 0x43700000
30 1 8 30 240 270 0x43870000
30 1 9 30 270 300 0x43960000
30 1 10 30 300 330 0x43a50000
30 1 11 30 330 360 0x43b40000
30 1 12 30 360 390 0x43c30000
30 1 13 30 390 420 0x43d20000
30 1 14 30 420 450 0x43e10000
30 1 15 30 450 480 0x43f00000
30 2 0 60 0 60 0x42700000
30 2 1 60 30 90 0x42b40000
30 2 2 60 60 120 0x42f00000
30 2 3 60 90 150 0x43160000
30 2 4 60 120 180 0x43340000
30 2 5 60 150 210 0x43520000
30 2 6 60 180 240 0x43700000
30 2 7 60 210 270 0x43870000
30 2 8 60 240 300 0x43960000
30 2 9 60 270 330 0x43a50000
30 2 10 60 300 360 0x43b40000
30 2 11 60 330 390 0x43c30000
30 2 12 60 360 420 0x43d20000
30 2 13 60 390 450 0x43e10000
30 2 14 60 420 480 0x43f00000
30 2 15 60 450 510 0x43ff0000
30 3 0 90 0 90 0x42b40000
30 3 1 90 30 120 0x42f00000
30 3 2 90 60 150 0x43160000
30 3 3 90 90 180 0x43340000
30 3 4 90 120 210 0x43520000
30 3 5 90 150 240 0x43700000
30 3 6 90 180 270 0x43870000
30 3 7 90 210 300 0x43960000
30 3 8 90 240 330 0x43a50000
30 3 9 90 270 360 0x43b40000
30 3 10 90 300 390 0x43c30000
30 3 11 90 330 420 0x43d20000
30 3 12 90 360 450 0x43e10000
30 3 13 90 390 480 0x43f00000
30 3 14 90 420 510 0x43ff0000
30 3 15 90 450 540 0x44070000
30 4 0 120 0 120 0x42f00000
30 4 1 120 30 150 0x43160000
30 4 2 120 60 180 0x43340000
30 4 3 120 90 210 0x43520000
30 4 4 120 120 240 0x43700000
30 4 5 120 150 270 0x43870000
30 4 6 120 180 300 0x43960000
30 4 7 120 210 330 0x43a50000
30 4 8 120 240 360 0x43b40000
30 4 9 120 270 390 0x43c30000
30 4 10 120 300 420 0x43d20000
30 4 11 120 330 450 0x43e10000
30 4 12 120 360 480 0x43f00000
30 4 13 120 390 510 0x43ff0000
30 4 14 120 420 540 0x44070000
30 4 15 120 450 570 0x440e8000
30 5 0 150 0 150 0x43160000
30 5 1 150 30 180 0x43340000
30 5 2 150 60 210 0x43520000
30 5 3 150 90 240 0x43700000
30 5 4 150 120 270 0x43870000
30 5 5 150 150 300 0x43960000
30 5 6 150 180 330 0x43a50000
30 5 7 150 210 360 0x43b40000
30 5 8 150 240 390 0x43c30000
30 5 9 150 270 420 0x43d20000
30 5 10 150 300 450 0x43e10000
30 5 11 150 330 480 0x43f00000
30 5 12 150 360 510 0x43ff0000
30 5 13 150 390 540 0x44070000
30 5 14 150 420 570 0x440e8000
30 5 15 150 450 600 0x44160000
30 6 0 180 0 180 0x43340000
30 6 1 180 30 210 0x43520000
30 6 2 180 60 240 0x43700000
30 6 3 180 90 270 0x43870000
30 6 4 180 120 300 0x43960000
30 6 5 180 150 330 0x43a50000
30 6 6 180 180 360 0x43b40000
30 6 7 180 210 390 0x43c30000
30 6 8 180 240 420 0x43d20000
30 6 9 180 270 450 0x43e10000
30 6 10 180 300 480 0x43f00000
30 6 11 180 330 510 0x43ff0000
30 6 12 180 360 540 0x44070000
30 6 13 180 390 570 0x440e8000
30 6 14 180 420 600 0x44160000
30 6 15 180 450 630 0x441d8000
30 7 0 210 0 210 0x43520000
30 7 1 210 30 240 0x43700000
30 7 2 210 60 270 0x43870000
30 7 3 210 90 300 0x43960000
30 7 4 210 120 330 0x43a50000
30 7 5 210 150 360 0x43b40000
30 7 6 210 180 390 0x43c30000
30 7 7 210 210 420 0x43d20000
30 7 8 210 240 450 0x43e10000
30 7 9 210 270 480 0x43f00000
30 7 10 210 300 510 0x43ff0000
30 7 11 210 330 540 0x44070000
30 7 12 210 360 570 0x440e8000
30 7 13 210 390 600 0x44160000
30 7 14 210 420 630 0x441d8000
30 7 15 210 450 660 0x44250000
30 8 0 240 0 240 0x43700000
30 8 1 240 30 270 0x43870000
30 8 2 240 60 300 0x43960000
30 8 3 240 90 330 0x43a50000
30 8 4 240 120 360 0x43b40000
30 8 5 240 150 390 0x43c30000
30 8 6 240 180 420 0x43d20000
30 8 7 240 210 450 0x43e10000
30 8 8 240 240 480 0x43f00000
30 8 9 240 270 510 0x43ff0000
30 8 10 240 300 540 0x44070000
30 8 11 240 330 570 0x440e8000
30 8 12 240 360 600 0x44160000
30 8 13 240 390 630 0x441d8000
30 8 14 240 420 660 0x44250000
30 8 15 240 450 690 0x442c8000
30 9 0 270 0 270 0x43870000
30 9 1 270 30 300 0x43960000
30 9 2 270 60 330 0x43a50000
30 9 3 270 90 360 0x43b40000
30 9 4 270 120 390 0x43c30000
30 9 5 270 150 420 0x43d20000
30 9 6 270 180 450 0x43e10000
30 9 7 270 210 480 0x43f00000
30 9 8 270 240 510 0x43ff0000
30 9 9 270 270 540 0x44070000
30 9 10 270 300 570 0x440e8000
30 9 11 270 330 600 0x44160000
30 9 12 270 360 630 0x441d8000
30 9 13 270 390 660 0x44250000
30 9 14 270 420 690 0x442c8000
30 9 15 270 450 720 0x44340000
30 10 0 300 0 300 0x43960000
30 10 1 300 30 330 0x43a50000
30 10 2 300 60 360 0x43b40000
30 10 3 300 90 390 0x43c30000
30 10 4 300 120 420 0x43d20000
30 10 5 300 150 450 0x43e10000
30 10 6 300 180 480 0x43f00000
30 10 7 300 210 510 0x43ff0000
30 10 8 300 240 540 0x44070000
30 10 9 300 270 570 0x440e8000
30 10 10 300 300 600 0x44160000
30 10 11 300 330 630 0x441d8000
30 10 12 300 360 660 0x44250000
30 10 13 300 390 690 0x442c8000
30 10 14 300 420 720 0x44340000
30 10 15 300 450 750 0x443b8000
30 11 0 330 0 330 0x43a50000
30 11 1 330 30 360 0x43b40000
30 11 2 330 60 390 0x43c30000
30 11 3 330 90 420 0x43d20000
30 11 4 330 120 450 0x43e10000
30 11 5 330 150 480 0x43f00000
30 11 6 330 180 510 0x43ff0000
30 11 7 330 210 540 0x44070000
30 11 8 330 240 570 0x440e8000
30 11 9 330 270 600 0x44160000
30 11 10 330 300 630 0x441d8000
30 11 11 330 330 660 0x44250000
30 11 12 330 360 690 0x442c8000
30 11 13 330 390 720 0x44340000
30 11 14 330 420 750 0x443b8000
30 11 15 330 450 780 0x44430000
30 12 0 360 0 360 0x43b40000
30 12 1 360 30 390 0x43c30000
30 12 2 360 60 420 0x43d20000
30 12 3 360 90 450 0x43e10000
30 12 4 360 120 480 0x43f00000
30 12 5 360 150 510 0x43ff0000
30 12 6 360 180 540 0x44070000
30 12 7 360 210 570 0x440e8000
30 12 8 360 240 600 0x44160000
30 12 9 360 270 630 0x441d8000
30 12 10 360 300 660 0x44250000
30 12 11 360 330 690 0x442c8000
30 12 12 360 360 720 0x44340000
30 12 13 360 390 750 0x443b8000
30 12 14 360 420 780 0x44430000
30 12 15 360 450 810 0x444a8000
30 13 0 390 0 390 0x43c30000
30 13 1 390 30 420 0x43d20000
30 13 2 390 60 450 0x43e10000
30 13 3 390 90 480 0x43f00000
30 13 4 390 120 510 0x43ff0000
30 13 5 390 150 540 0x44070000
30 13 6 390 180 570 0x440e8000
30 13 7 390 210 600 0x44160000
30 13 8 390 240 630 0x441d8000
30 13 9 390 270 660 0x44250000
30 13 10 390 300 690 0x442c8000
30 13 11 390 330 720 0x44340000
30 13 12 390 360 750 0x443b8000
30 13 13 390 390 780 0x44430000
30 13 14 390 420 810 0x444a8000
30 13 15 390 450 840 0x44520000
30 14 0 420 0 420 0x43d20000
30 14 1 420 30 450 0x43e10000
30 14 2 420 60 480 0x43f00000
30 14 3 420 90 510 0x43ff0000
30 14 4 420 120 540 0x44070000
30 14 5 420 150 570 0x440e8000
30 14 6 420 180 600 0x44160000
30 14 7 420 210 630 0x441d8000
30 14 8 420 240 660 0x44250000
30 14 9 420 270 690 0x442c8000
30 14 10 420 300 720 0x44340000
30 14 11 420 330 750 0x443b8000
30 14 12 420 360 780 0x44430000
30 14 13 420 390 810 0x444a8000
30 14 14 420 420 840 0x44520000
30 14 15 420 450 870 0x44598000
30 15 0 450 0 450 0x43e10000
30 15 1 450 30 480 0x43f00000
30 15 2 450 60 510 0x43ff0000
30 15 3 450 90 540 0x44070000
30 15 4 450 120 570 0x440e8000
30 15 5 450 150 600 0x44160000
30 15 6 450 180 630 0x441d8000
30 15 7 450 210 660 0x44250000
30 15 8 450 240 690 0x442c8000
30 15 9 450 270 720 0x44340000
30 15 10 450 300 750 0x443b8000
30 15 11 450 330 780 0x44430000
30 15 12 450 360 810 0x444a8000
30 15 13 450 390 840 0x44520000
30 15 14 450 420 870 0x44598000
30 15 15 450 450 900 0x44610000
INIT_00 => X"2200000022000000220000002200000022000000220000002200000022000000",
INIT_01 => X"2200000022000000220000002200000022000000220000002200000022000000",
INIT_02 => X"2200000022000000220000002200000022000000220000002200000022000000",
INIT_03 => X"2200000022000000220000002200000022000000220000002200000022000000",
INIT_04 => X"2200000022000000220000002200000022000000220000002200000022000000",
INIT_05 => X"2200000022000000220000002200000022000000220000002200000022000000",
INIT_06 => X"2200000022000000220000002200000022000000220000002200000022000000",
INIT_07 => X"2200000022000000220000002200000022000000220000002200000022000000",
INIT_08 => X"2200000022000000220000002200000022000000220000002200000022000000",
INIT_09 => X"2200000022000000220000002200000022000000220000002200000022000000",
INIT_0a => X"2200000022000000220000002200000022000000220000002200000022000000",
INIT_0b => X"2200000022000000220000002200000022000000220000002200000022000000",
INIT_0c => X"2200000022000000220000002200000022000000220000002200000022000000",
INIT_0d => X"2200000022000000220000002200000022000000220000002200000022000000",
INIT_0e => X"2200000022000000220000002200000022000000220000002200000022000000",
INIT_0f => X"2200000022000000220000002200000022000000220000002200000022000000",
INIT_10 => X"2200000022000000220000002200000022000000220000002200000022000000",
INIT_11 => X"2200000022000000220000002200000022000000220000002200000022000000",
INIT_12 => X"2200000022000000220000002200000022000000220000002200000022000000",
INIT_13 => X"2200000022000000220000002200000022000000220000002200000022000000",
INIT_14 => X"2200000022000000220000002200000022000000220000002200000022000000",
INIT_15 => X"2200000022000000220000002200000022000000220000002200000022000000",
INIT_16 => X"2200000022000000220000002200000022000000220000002200000022000000",
INIT_17 => X"2200000022000000220000002200000022000000220000002200000022000000",
INIT_18 => X"2200000022000000220000002200000022000000220000002200000022000000",
INIT_19 => X"2200000022000000220000002200000022000000220000002200000022000000",
INIT_1a => X"2200000022000000220000002200000022000000220000002200000022000000",
INIT_1b => X"2200000022000000220000002200000022000000220000002200000022000000",
INIT_1c => X"2200000022000000220000002200000022000000220000002200000022000000",
INIT_1d => X"2200000022000000220000002200000022000000220000002200000022000000",
INIT_1e => X"2200000022000000220000002200000022000000220000002200000022000000",
INIT_1f => X"2200000022000000220000002200000022000000220000002200000022000000",
INIT_20 => X"428c000042700000424800004220000041f0000041a000004120000022000000",
INIT_21 => X"43160000430c00004302000042f0000042dc000042c8000042b4000042a00000",
INIT_22 => X"42a00000428c000042700000424800004220000041f0000041a0000041200000",
INIT_23 => X"4320000043160000430c00004302000042f0000042dc000042c8000042b40000",
INIT_24 => X"42b4000042a00000428c000042700000424800004220000041f0000041a00000",
INIT_25 => X"432a00004320000043160000430c00004302000042f0000042dc000042c80000",
INIT_26 => X"42c8000042b4000042a00000428c000042700000424800004220000041f00000",
INIT_27 => X"43340000432a00004320000043160000430c00004302000042f0000042dc0000",
INIT_28 => X"42dc000042c8000042b4000042a00000428c0000427000004248000042200000",
INIT_29 => X"433e000043340000432a00004320000043160000430c00004302000042f00000",
INIT_2a => X"42f0000042dc000042c8000042b4000042a00000428c00004270000042480000",
INIT_2b => X"43480000433e000043340000432a00004320000043160000430c000043020000",
INIT_2c => X"4302000042f0000042dc000042c8000042b4000042a00000428c000042700000",
INIT_2d => X"4352000043480000433e000043340000432a00004320000043160000430c0000",
INIT_2e => X"430c00004302000042f0000042dc000042c8000042b4000042a00000428c0000",
INIT_2f => X"435c00004352000043480000433e000043340000432a00004320000043160000",
INIT_30 => X"43160000430c00004302000042f0000042dc000042c8000042b4000042a00000",
INIT_31 => X"43660000435c00004352000043480000433e000043340000432a000043200000",
INIT_32 => X"4320000043160000430c00004302000042f0000042dc000042c8000042b40000",
INIT_33 => X"4370000043660000435c00004352000043480000433e000043340000432a0000",
INIT_34 => X"432a00004320000043160000430c00004302000042f0000042dc000042c80000",
INIT_35 => X"437a00004370000043660000435c00004352000043480000433e000043340000",
INIT_36 => X"43340000432a00004320000043160000430c00004302000042f0000042dc0000",
INIT_37 => X"43820000437a00004370000043660000435c00004352000043480000433e0000",
INIT_38 => X"433e000043340000432a00004320000043160000430c00004302000042f00000",
INIT_39 => X"4387000043820000437a00004370000043660000435c00004352000043480000",
INIT_3a => X"43480000433e000043340000432a00004320000043160000430c000043020000",
INIT_3b => X"438c00004387000043820000437a00004370000043660000435c000043520000",
INIT_3c => X"4352000043480000433e000043340000432a00004320000043160000430c0000",
INIT_3d => X"43910000438c00004387000043820000437a00004370000043660000435c0000",
INIT_3e => X"435c00004352000043480000433e000043340000432a00004320000043160000",
INIT_3f => X"4396000043910000438c00004387000043820000437a00004370000043660000",
INIT_40 => X"430c000042f0000042c8000042a00000427000004220000041a0000022000000",
INIT_41 => X"43960000438c00004382000043700000435c0000434800004334000043200000",
INIT_42 => X"43200000430c000042f0000042c8000042a00000427000004220000041a00000",
INIT_43 => X"43a0000043960000438c00004382000043700000435c00004348000043340000",
INIT_44 => X"4334000043200000430c000042f0000042c8000042a000004270000042200000",
INIT_45 => X"43aa000043a0000043960000438c00004382000043700000435c000043480000",
INIT_46 => X"434800004334000043200000430c000042f0000042c8000042a0000042700000",
INIT_47 => X"43b4000043aa000043a0000043960000438c00004382000043700000435c0000",
INIT_48 => X"435c0000434800004334000043200000430c000042f0000042c8000042a00000",
INIT_49 => X"43be000043b4000043aa000043a0000043960000438c00004382000043700000",
INIT_4a => X"43700000435c0000434800004334000043200000430c000042f0000042c80000",
INIT_4b => X"43c8000043be000043b4000043aa000043a0000043960000438c000043820000",
INIT_4c => X"4382000043700000435c0000434800004334000043200000430c000042f00000",
INIT_4d => X"43d2000043c8000043be000043b4000043aa000043a0000043960000438c0000",
INIT_4e => X"438c00004382000043700000435c0000434800004334000043200000430c0000",
INIT_4f => X"43dc000043d2000043c8000043be000043b4000043aa000043a0000043960000",
INIT_50 => X"43960000438c00004382000043700000435c0000434800004334000043200000",
INIT_51 => X"43e6000043dc000043d2000043c8000043be000043b4000043aa000043a00000",
INIT_52 => X"43a0000043960000438c00004382000043700000435c00004348000043340000",
INIT_53 => X"43f0000043e6000043dc000043d2000043c8000043be000043b4000043aa0000",
INIT_54 => X"43aa000043a0000043960000438c00004382000043700000435c000043480000",
INIT_55 => X"43fa000043f0000043e6000043dc000043d2000043c8000043be000043b40000",
INIT_56 => X"43b4000043aa000043a0000043960000438c00004382000043700000435c0000",
INIT_57 => X"4402000043fa000043f0000043e6000043dc000043d2000043c8000043be0000",
INIT_58 => X"43be000043b4000043aa000043a0000043960000438c00004382000043700000",
INIT_59 => X"440700004402000043fa000043f0000043e6000043dc000043d2000043c80000",
INIT_5a => X"43c8000043be000043b4000043aa000043a0000043960000438c000043820000",
INIT_5b => X"440c0000440700004402000043fa000043f0000043e6000043dc000043d20000",
INIT_5c => X"43d2000043c8000043be000043b4000043aa000043a0000043960000438c0000",
INIT_5d => X"44110000440c0000440700004402000043fa000043f0000043e6000043dc0000",
INIT_5e => X"43dc000043d2000043c8000043be000043b4000043aa000043a0000043960000",
INIT_5f => X"4416000044110000440c0000440700004402000043fa000043f0000043e60000",
INIT_60 => X"43520000433400004316000042f0000042b400004270000041f0000022000000",
INIT_61 => X"43e1000043d2000043c3000043b4000043a50000439600004387000043700000",
INIT_62 => X"4370000043520000433400004316000042f0000042b400004270000041f00000",
INIT_63 => X"43f0000043e1000043d2000043c3000043b4000043a500004396000043870000",
INIT_64 => X"438700004370000043520000433400004316000042f0000042b4000042700000",
INIT_65 => X"43ff000043f0000043e1000043d2000043c3000043b4000043a5000043960000",
INIT_66 => X"43960000438700004370000043520000433400004316000042f0000042b40000",
INIT_67 => X"4407000043ff000043f0000043e1000043d2000043c3000043b4000043a50000",
INIT_68 => X"43a5000043960000438700004370000043520000433400004316000042f00000",
INIT_69 => X"440e80004407000043ff000043f0000043e1000043d2000043c3000043b40000",
INIT_6a => X"43b4000043a50000439600004387000043700000435200004334000043160000",
INIT_6b => X"44160000440e80004407000043ff000043f0000043e1000043d2000043c30000",
INIT_6c => X"43c3000043b4000043a500004396000043870000437000004352000043340000",
INIT_6d => X"441d800044160000440e80004407000043ff000043f0000043e1000043d20000",
INIT_6e => X"43d2000043c3000043b4000043a5000043960000438700004370000043520000",
INIT_6f => X"44250000441d800044160000440e80004407000043ff000043f0000043e10000",
INIT_70 => X"43e1000043d2000043c3000043b4000043a50000439600004387000043700000",
INIT_71 => X"442c800044250000441d800044160000440e80004407000043ff000043f00000",
INIT_72 => X"43f0000043e1000043d2000043c3000043b4000043a500004396000043870000",
INIT_73 => X"44340000442c800044250000441d800044160000440e80004407000043ff0000",
INIT_74 => X"43ff000043f0000043e1000043d2000043c3000043b4000043a5000043960000",
INIT_75 => X"443b800044340000442c800044250000441d800044160000440e800044070000",
INIT_76 => X"4407000043ff000043f0000043e1000043d2000043c3000043b4000043a50000",
INIT_77 => X"44430000443b800044340000442c800044250000441d800044160000440e8000",
INIT_78 => X"440e80004407000043ff000043f0000043e1000043d2000043c3000043b40000",
INIT_79 => X"444a800044430000443b800044340000442c800044250000441d800044160000",
INIT_7a => X"44160000440e80004407000043ff000043f0000043e1000043d2000043c30000",
INIT_7b => X"44520000444a800044430000443b800044340000442c800044250000441d8000",
INIT_7c => X"441d800044160000440e80004407000043ff000043f0000043e1000043d20000",
INIT_7d => X"4459800044520000444a800044430000443b800044340000442c800044250000",
INIT_7e => X"44250000441d800044160000440e80004407000043ff000043f0000043e10000",
INIT_7f => X"446100004459800044520000444a800044430000443b800044340000442c8000",
