2.871100e+01
2.783862e+01
2.814273e+01
2.831580e+01
2.828790e+01
2.849118e+01
2.861353e+01
2.839639e+01
2.828244e+01
2.826013e+01
2.857782e+01
2.806592e+01
2.832819e+01
2.833722e+01
2.867700e+01
2.801410e+01
2.824619e+01
2.857660e+01
2.856381e+01
2.828314e+01
2.911411e+01
2.882043e+01
2.860815e+01
2.822244e+01
2.904855e+01
2.876837e+01
2.885040e+01
2.856812e+01
2.881903e+01
2.913800e+01
2.960516e+01
2.924329e+01
2.889133e+01
2.877908e+01
2.827988e+01
2.829163e+01
2.849866e+01
2.867178e+01
2.834860e+01
2.813550e+01
2.827966e+01
2.824368e+01
2.810794e+01
2.806601e+01
2.871655e+01
2.830701e+01
2.781903e+01
2.841306e+01
2.808243e+01
2.835071e+01
2.853909e+01
2.868118e+01
2.832123e+01
2.899152e+01
2.857159e+01
2.888806e+01
2.856976e+01
2.897546e+01
2.855228e+01
2.872452e+01
2.882941e+01
2.877802e+01
2.895337e+01
2.919098e+01
2.847067e+01
2.864899e+01
2.845541e+01
2.819968e+01
2.840726e+01
2.880460e+01
2.793716e+01
2.808899e+01
2.824484e+01
2.848724e+01
2.838602e+01
2.823886e+01
2.834183e+01
2.863046e+01
2.812900e+01
2.846082e+01
2.855020e+01
2.829340e+01
2.831934e+01
2.811511e+01
2.898422e+01
2.845013e+01
2.843539e+01
2.845480e+01
2.871783e+01
2.857654e+01
2.874844e+01
2.838116e+01
2.898831e+01
2.873340e+01
2.857669e+01
2.842529e+01
2.843561e+01
2.827310e+01
2.838147e+01
2.839142e+01
2.838956e+01
2.832553e+01
2.825656e+01
2.866943e+01
2.814316e+01
2.845306e+01
2.836426e+01
2.819797e+01
2.829428e+01
2.839447e+01
2.830701e+01
2.861554e+01
2.831311e+01
2.839700e+01
2.826447e+01
2.852948e+01
2.856259e+01
2.898709e+01
2.861298e+01
2.863440e+01
2.868613e+01
2.898566e+01
2.845065e+01
2.859103e+01
2.874741e+01
2.869711e+01
2.823700e+01
2.920981e+01
2.813351e+01
2.838071e+01
2.870020e+01
2.837820e+01
2.826126e+01
2.859723e+01
2.843552e+01
2.829355e+01
2.861197e+01
2.876868e+01
2.820145e+01
2.841345e+01
2.844681e+01
2.828223e+01
2.873602e+01
2.796381e+01
2.837604e+01
2.831317e+01
2.826166e+01
2.852939e+01
2.825821e+01
2.893570e+01
2.856091e+01
2.853461e+01
2.858896e+01
2.847430e+01
2.894077e+01
2.846826e+01
2.870697e+01
2.886996e+01
2.886377e+01
2.762341e+01
2.808188e+01
2.826828e+01
2.842606e+01
2.810849e+01
2.842819e+01
2.851523e+01
2.892624e+01
2.844110e+01
2.954590e+01
2.848395e+01
2.876416e+01
2.875821e+01
2.837582e+01
2.842892e+01
2.809424e+01
2.845123e+01
2.877222e+01
2.839447e+01
2.840387e+01
2.885934e+01
2.606036e+01
2.887454e+01
2.849582e+01
2.868478e+01
2.852811e+01
2.865036e+01
2.862070e+01
2.884644e+01
2.870020e+01
2.873090e+01
2.822079e+01
2.837424e+01
2.845889e+01
2.837833e+01
2.828159e+01
2.848489e+01
2.860385e+01
2.860129e+01
2.849765e+01
2.883929e+01
2.919064e+01
3.112280e+01
2.937186e+01
2.987015e+01
2.877240e+01
2.887555e+01
2.833090e+01
2.846475e+01
2.860599e+01
2.831335e+01
2.864847e+01
2.817847e+01
2.863574e+01
2.826651e+01
2.895148e+01
2.843439e+01
2.798083e+01
2.862021e+01
2.833380e+01
2.863312e+01
2.842377e+01
2.835071e+01
2.880933e+01
2.729831e+01
2.844531e+01
2.851871e+01
2.858374e+01
2.839627e+01
2.859424e+01
2.817334e+01
2.866147e+01
2.839557e+01
3.160883e+01
2.971860e+01
3.131461e+01
3.017947e+01
2.977670e+01
2.881354e+01
2.864526e+01
2.878949e+01
2.857306e+01
2.846454e+01
2.839493e+01
2.846024e+01
2.841498e+01
2.859418e+01
2.844214e+01
2.832031e+01
2.854413e+01
2.855853e+01
2.846439e+01
2.859705e+01
2.869870e+01
2.896414e+01
2.793951e+01
2.808939e+01
2.806473e+01
2.849777e+01
2.858701e+01
2.855380e+01
2.830661e+01
2.903000e+01
2.881577e+01
3.033801e+01
3.053839e+01
3.262381e+01
3.237109e+01
3.212802e+01
3.133905e+01
3.130377e+01
2.932574e+01
2.945740e+01
2.814215e+01
2.862390e+01
2.852496e+01
2.849802e+01
2.865350e+01
2.822745e+01
2.868036e+01
2.859512e+01
2.848767e+01
2.836398e+01
2.870047e+01
2.833246e+01
2.852234e+01
2.840323e+01
2.869644e+01
2.723187e+01
2.849185e+01
2.843060e+01
2.831522e+01
2.810703e+01
2.891040e+01
2.859818e+01
3.049533e+01
2.911374e+01
3.285107e+01
3.202365e+01
3.264554e+01
3.223666e+01
3.269626e+01
3.143060e+01
3.088318e+01
2.996017e+01
2.919482e+01
2.874152e+01
2.860104e+01
2.845172e+01
2.864062e+01
2.895844e+01
2.840466e+01
2.874789e+01
2.827277e+01
2.851822e+01
2.819107e+01
2.874341e+01
2.871799e+01
2.858395e+01
2.757782e+01
2.851456e+01
2.857593e+01
2.879489e+01
2.865863e+01
2.888257e+01
2.872470e+01
2.951505e+01
2.952692e+01
3.259546e+01
3.234521e+01
3.358948e+01
3.288538e+01
3.302789e+01
3.260242e+01
3.269531e+01
3.208789e+01
3.222220e+01
3.033765e+01
3.041644e+01
2.926773e+01
2.859872e+01
2.835962e+01
2.865457e+01
2.837323e+01
2.829944e+01
2.859299e+01
2.849860e+01
2.876093e+01
2.850687e+01
2.862051e+01
2.854584e+01
2.853027e+01
2.822284e+01
2.879181e+01
2.848529e+01
2.817316e+01
2.863272e+01
2.949338e+01
2.890289e+01
3.225409e+01
3.055948e+01
3.426703e+01
3.336905e+01
3.354593e+01
3.331720e+01
3.287076e+01
3.299088e+01
3.217618e+01
3.211078e+01
3.183969e+01
3.089722e+01
2.957239e+01
2.923755e+01
2.829446e+01
2.861188e+01
2.788904e+01
2.878766e+01
2.814590e+01
2.859262e+01
2.843011e+01
2.886597e+01
2.855515e+01
2.864273e+01
2.862552e+01
2.866724e+01
2.842065e+01
2.836075e+01
2.819070e+01
2.846463e+01
2.893753e+01
3.112540e+01
3.083972e+01
3.355688e+01
3.363300e+01
3.459540e+01
3.416119e+01
3.388968e+01
3.346414e+01
3.269531e+01
3.263034e+01
3.240701e+01
3.223297e+01
3.168710e+01
3.118826e+01
2.896451e+01
2.895178e+01
2.873297e+01
2.853516e+01
2.851566e+01
2.835715e+01
2.837808e+01
2.832175e+01
2.845163e+01
2.845773e+01
2.826541e+01
2.860056e+01
2.844785e+01
2.884232e+01
2.857767e+01
2.875568e+01
2.838916e+01
3.071957e+01
2.933972e+01
3.262567e+01
3.240405e+01
3.390060e+01
3.419693e+01
3.390854e+01
3.452786e+01
3.342599e+01
3.350919e+01
3.273856e+01
3.264499e+01
3.167175e+01
3.267822e+01
2.932349e+01
3.069974e+01
2.870731e+01
2.885385e+01
2.843265e+01
2.827664e+01
2.848706e+01
2.861978e+01
2.822940e+01
2.859445e+01
2.879993e+01
2.883011e+01
2.850034e+01
2.863208e+01
2.837589e+01
2.881714e+01
2.859839e+01
2.887851e+01
2.942599e+01
3.201379e+01
3.251120e+01
3.263791e+01
3.363449e+01
3.337143e+01
3.435025e+01
3.323526e+01
3.346765e+01
3.273929e+01
3.330261e+01
3.275171e+01
3.245346e+01
3.080206e+01
3.058521e+01
2.891803e+01
2.890726e+01
2.869791e+01
2.874667e+01
2.826614e+01
2.845441e+01
2.859033e+01
2.852869e+01
2.855045e+01
2.863919e+01
2.854123e+01
2.876605e+01
2.842273e+01
2.835327e+01
2.853885e+01
2.895605e+01
2.908435e+01
3.153842e+01
3.028622e+01
3.263016e+01
3.292755e+01
3.270392e+01
3.350955e+01
3.270065e+01
3.384647e+01
3.291617e+01
3.317917e+01
3.253738e+01
3.282559e+01
3.132639e+01
3.265408e+01
2.885236e+01
2.942136e+01
2.846698e+01
2.896429e+01
2.868369e+01
2.832956e+01
2.838000e+01
2.843823e+01
2.879099e+01
2.846902e+01
2.879086e+01
2.860632e+01
2.863443e+01
2.902686e+01
2.907980e+01
2.975638e+01
2.953674e+01
2.952701e+01
3.085559e+01
3.141928e+01
3.308975e+01
3.261725e+01
3.329910e+01
3.326035e+01
3.369208e+01
3.321750e+01
3.331094e+01
3.345309e+01
3.350653e+01
3.238211e+01
3.312903e+01
3.018869e+01
3.013138e+01
2.915555e+01
2.922961e+01
2.910663e+01
2.956540e+01
2.901910e+01
2.893719e+01
2.925354e+01
2.939203e+01
3.030106e+01
3.007138e+01
3.001062e+01
2.981506e+01
3.016873e+01
2.813849e+01
2.842166e+01
2.865265e+01
2.914957e+01
2.946411e+01
3.059534e+01
3.091815e+01
3.239316e+01
3.181622e+01
3.239780e+01
3.234482e+01
3.245947e+01
3.257092e+01
3.300107e+01
3.180051e+01
3.282697e+01
3.006927e+01
3.121387e+01
2.840424e+01
2.877310e+01
2.864163e+01
2.849707e+01
2.811060e+01
2.860284e+01
2.853067e+01
2.882581e+01
2.938510e+01
2.886096e+01
3.027139e+01
2.988513e+01
2.871478e+01
2.914151e+01
2.836874e+01
2.859723e+01
2.853268e+01
2.843869e+01
2.913351e+01
2.878568e+01
2.980893e+01
2.945987e+01
3.165811e+01
3.082874e+01
3.236972e+01
3.194916e+01
3.225781e+01
3.234778e+01
3.258478e+01
3.015488e+01
3.117313e+01
2.892633e+01
2.920825e+01
2.853763e+01
2.857852e+01
2.868729e+01
2.849005e+01
2.835556e+01
2.893719e+01
2.879211e+01
2.918710e+01
3.132205e+01
3.115002e+01
3.238092e+01
3.147998e+01
2.988104e+01
2.882932e+01
2.830380e+01
2.822617e+01
2.862494e+01
2.843402e+01
2.871487e+01
2.874579e+01
2.985947e+01
2.935632e+01
3.061267e+01
3.042578e+01
3.175424e+01
3.165399e+01
3.213980e+01
3.050262e+01
3.215390e+01
2.889136e+01
2.977914e+01
2.817429e+01
2.862817e+01
2.851172e+01
2.837607e+01
2.830249e+01
2.885278e+01
2.901923e+01
2.886508e+01
3.081281e+01
2.999567e+01
3.277014e+01
3.271503e+01
3.241400e+01
3.235507e+01
2.839328e+01
2.853848e+01
2.820914e+01
2.848932e+01
2.861993e+01
2.843030e+01
2.834271e+01
2.870432e+01
2.920273e+01
2.881177e+01
2.977750e+01
2.963834e+01
3.098523e+01
3.024066e+01
3.122824e+01
2.929523e+01
2.956238e+01
2.820099e+01
2.848956e+01
2.857660e+01
2.851297e+01
2.864200e+01
2.841925e+01
2.847665e+01
2.861194e+01
2.981189e+01
3.055246e+01
3.238501e+01
3.235364e+01
3.406351e+01
3.415668e+01
3.208911e+01
2.885944e+01
2.849411e+01
2.832999e+01
2.824524e+01
2.856027e+01
2.834546e+01
2.839584e+01
2.867810e+01
2.880069e+01
2.875201e+01
2.891888e+01
2.916205e+01
2.901678e+01
3.054901e+01
2.884167e+01
3.041129e+01
2.876587e+01
2.890359e+01
2.818436e+01
2.845374e+01
2.863782e+01
2.872070e+01
2.828763e+01
2.841333e+01
2.986847e+01
2.875964e+01
3.161697e+01
3.150021e+01
3.379407e+01
3.342575e+01
3.263089e+01
3.340698e+01
2.842499e+01
2.828406e+01
2.824377e+01
2.808023e+01
2.841159e+01
2.850830e+01
2.879486e+01
2.829529e+01
2.860275e+01
2.843442e+01
2.842502e+01
2.848135e+01
2.882980e+01
2.861404e+01
2.894604e+01
2.851685e+01
2.901672e+01
2.854214e+01
2.879874e+01
2.841177e+01
2.825153e+01
2.841846e+01
2.879160e+01
2.888309e+01
2.900616e+01
3.130811e+01
3.187057e+01
3.256174e+01
3.301254e+01
3.329105e+01
3.287213e+01
3.036829e+01
2.818076e+01
2.834448e+01
2.823120e+01
2.843585e+01
2.835202e+01
2.851959e+01
2.830878e+01
2.847144e+01
2.821902e+01
2.826984e+01
2.861282e+01
2.845590e+01
2.844055e+01
2.878088e+01
2.832983e+01
2.909238e+01
2.856573e+01
2.867795e+01
2.790918e+01
2.834567e+01
2.846124e+01
2.856137e+01
2.848505e+01
2.858551e+01
3.158511e+01
3.034070e+01
3.254736e+01
3.279364e+01
3.301501e+01
3.271420e+01
3.099860e+01
3.222818e+01

