-41.16554,-40.31043,-54.60741,-62.80407,-73.74619,-70.91763,-85.72237,-82.19962,-101.8973,-98.00525,-104.0663,-100.9508,-120.2085,-114.4472,-119.6459,-128.0558,-133.0853,-118.6906,-132.5983,-128.8679,-125.9703,-116.5699,-122.5895,-118.9634,-107.004,-100.1364,-101.7854,-101.9307,-89.66253,-90.09648,-89.48976,-1.363719E-16
-43.6824,-48.39692,-61.11734,-66.2019,-74.51137,-78.87232,-85.87389,-93.7296,-93.55636,-102.5966,-103.9791,-121.95,-115.5914,-119.2207,-129.0183,-135.6679,-128.2737,-142.2542,-137.2988,-123.3043,-130.6176,-130.3853,-127.4572,-122.8202,-114.9625,-109.0872,-101.3061,-101.0812,-93.34022,-91.31242,-79.05462,-75.01328
-57.14355,-59.45964,-70.15617,-72.23652,-85.98901,-84.5106,-99.1244,-101.0068,-114.2477,-112.2168,-123.627,-114.8647,-134.9377,-136.3382,-138.9722,-133.5161,-134.3358,-143.5713,-140.0569,-139.171,-138.9013,-130.8303,-127.887,-132.703,-126.8082,-127.9592,-106.0683,-112.1663,-103.4646,-96.7683,-86.59196,-88.34031
-51.51756,-65.87542,-73.45564,-79.03164,-85.94206,-92.43262,-94.94062,-104.4192,-114.186,-112.2473,-115.38,-128.0812,-128.843,-141.0258,-139.8625,-141.9051,-133.8872,-142.0533,-149.5292,-142.3627,-143.3129,-133.9594,-132.5519,-138.3936,-117.0422,-124.5891,-118.7135,-115.5591,-103.0037,-100.8745,-94.7541,-91.04282
-74.2538,-62.70548,-77.22785,-84.65166,-95.43941,-87.97349,-114.4611,-113.93,-123.0369,-123.7057,-125.4922,-143.2406,-135.9789,-145.2343,-149.5298,-149.31,-158.4722,-139.3177,-149.6178,-149.5524,-143.526,-145.3188,-132.6951,-134.6225,-131.6083,-129.7043,-119.8137,-127.7289,-107.3429,-99.66739,-98.60667,-99.31548
-68.06423,-72.31416,-81.25758,-87.85081,-91.66222,-95.58415,-113.2594,-118.2253,-122.1792,-127.6933,-128.8261,-130.9336,-129.8218,-144.4506,-149.5292,-141.6431,-148.7435,-158.8019,-148.6326,-154.2423,-137.4465,-134.0814,-142.4333,-113.3537,-130.2248,-120.8953,-124.7201,-126.0121,-114.8511,-107.6284,-102.2721,-101.9331
-84.08491,-69.16757,-92.39774,-94.52135,-98.66819,-108.1693,-117.4909,-138.6293,-130.3786,-121.4989,-147.9071,-144.5834,-153.7009,-144.919,-159.5193,-154.2728,-153.9654,-156.8776,-145.4138,-148.2753,-112.4143,-126.3001,-76.52009,-120.4629,-125.9764,-131.512,-129.0934,-125.8729,-115.4596,-117.1035,-106.7492,-104.0957
-75.94268,-82.59145,-84.56315,-92.08678,-101.5615,-108.6715,-120.6513,-127.233,-134.9781,-135.438,-141.6473,-152.4905,-148.5078,-153.7311,-158.2209,-157.297,-147.8008,-150.4262,-148.4698,-121.3896,-105.5762,-74.86056,-115.39,-61.61558,-138.5515,-130.8538,-141.8217,-128.6218,-119.7533,-112.8422,-106.463,-106.6781
-90.15621,-74.41927,-95.4173,-96.18069,-109.391,-108.1458,-130.0235,-129.8044,-133.7348,-135.5296,-156.7565,-145.4568,-154.4634,-151.6354,-157.9584,-172.5159,-130.9825,-133.4955,-81.13839,-77.62943,-53.98899,-45.93779,-37.75406,-95.35156,-93.49482,-129.6444,-120.8286,-137.3087,-119.5205,-114.5695,-107.4453,-113.7971
-74.45576,-91.41394,-94.03349,-94.43233,-103.8814,-120.1793,-128.4616,-137.4274,-132.5732,-143.7465,-139.8918,-148.5069,-157.8644,-151.64,-155.2697,-144.0585,-118.8366,-90.37945,-78.38122,-38.29206,-51.32501,-38.72313,-54.94773,-32.09195,-126.514,-89.53263,-133.0142,-124.2789,-131.0729,-122.0755,-110.5109,-107.5579
-81.41906,-78.68266,-95.22811,-97.23394,-112.0024,-108.6586,-130.1974,-131.8485,-145.6869,-145.2219,-148.1289,-156.102,-154.475,-131.4825,-106.0767,-109.8266,-53.15055,-57.40733,-39.3562,-41.23606,-28.90166,-31.84813,-11.78919,-46.02908,-37.29323,-117.6738,-113.5782,-127.4565,-115.3772,-116.0699,-106.262,-105.3779
-75.78589,-78.82574,-94.65799,-98.94624,-105.4035,-115.9655,-129.2953,-143.8665,-135.4079,-159.6299,-150.6548,-159.3095,-138.4311,-124.8732,-92.83138,-65.68838,-56.97419,-55.49517,-30.8148,-33.59909,-20.32462,-13.01053,-18.43029,7.908955,-92.17448,-46.78881,-129.9853,-110.3155,-121.494,-127.6621,-113.6349,-102.9463
-77.32349,-79.6825,-98.8513,-100.6735,-111.2981,-115.683,-136.2932,-136.1195,-140.9628,-139.142,-149.368,-142.6494,-146.1975,-82.72455,-70.29996,-52.59521,-48.26998,-42.42085,-39.3562,-15.89315,-2.908163,5.025387,17.61473,-10.18061,-11.46368,-82.78526,-74.31203,-123.6309,-123.9425,-131.9121,-114.9081,-109.5093
-75.30129,-81.63603,-89.85527,-95.13358,-109.0851,-118.1456,-129.9326,-133.0616,-148.353,-143.7257,-146.6779,-149.4003,-96.92891,-137.2035,-40.75754,-70.14293,-41.23889,-39.57593,-14.72769,-17.19619,15.78807,-2.402072,6.045321,-2.56624,-42.1764,-36.31923,-120.2063,-81.48296,-126.8732,-120.5861,-111.7761,-101.9702
-76.6652,-74.41319,-94.75755,-96.90444,-104.707,-110.3803,-123.0525,-128.631,-144.4304,-133.8785,-146.2832,-139.3464,-144.8886,-95.82193,-93.53964,-46.24604,-37.31841,-20.58009,-37.6913,-15.57826,-21.59471,10.52256,-17.62715,-9.816647,-35.48731,-38.23961,-50.98708,-113.5784,-114.8811,-113.7359,-104.6917,-107.9785
-68.09489,-76.24111,-93.65412,-94.22382,-106.2338,-105.2083,-125.7904,-129.6629,-142.8726,-136.7437,-139.0934,-152.5016,-131.4089,-144.0803,-39.53308,-79.75526,-35.25991,-43.54244,-24.58963,-32.09906,-4.127698,-37.65197,-13.75948,-35.71769,-28.05334,-35.35092,-95.2523,-61.91093,-110.9236,-106.9282,-110.1804,-108.4024
-47.02897,-53.08212,-62.61543,-63.95508,-68.09402,-84.51397,-101.8082,-109.5803,-113.5084,-105.9519,-124.8982,-125.3383,-126.6459,-101.5445,-104.3585,-24.51203,-44.79728,-13.4084,-15.02628,-19.16985,-21.30348,-8.188104,-19.66047,-18.44407,-32.84659,-21.90814,-60.26477,-71.46107,-91.11198,-87.54385,-78.38985,-85.11222
-62.28909,-69.93414,-66.937,-63.32228,-97.78925,-88.01152,-114.8575,-122.4988,-127.1559,-144.0097,-146.174,-145.7724,-140.9644,-151.3718,-79.43519,-114.6496,-33.8288,-62.81923,-28.65653,-41.60312,-43.64578,-46.67814,-44.56879,-59.85219,-39.89939,-77.35175,-82.89552,-106.1955,-102.9111,-108.5173,-107.1213,-104.5285
-47.41346,-32.38033,-25.13142,-44.10581,-47.27516,-87.69968,-108.5993,-109.5803,-126.9685,-126.5483,-134.7116,-140.7136,-141.0799,-127.077,-141.4086,-78.76772,-105.27,-39.00619,-47.45017,-49.57735,-54.67403,-43.08327,-86.24338,-62.68112,-108.4251,-102.7253,-120.5153,-113.7765,-113.3584,-110.3018,-99.31255,-97.67824
-18.81177,-20.00623,-19.69803,-18.85112,-69.131,-57.79722,-105.9831,-106.7273,-115.4453,-128.7841,-141.7294,-141.0623,-138.7959,-153.8083,-118.6023,-141.0642,-51.10233,-95.87982,-53.40897,-66.97791,-60.12342,-93.48273,-91.61797,-123.8051,-99.04603,-127.5822,-121.5033,-128.447,-107.9026,-115.085,-103.4003,-89.34958
-20.30643,1.91215,1.025465,-24.00491,-25.68908,-56.90557,-77.38174,-104.6946,-111.4047,-117.4168,-123.7593,-129.2229,-131.5937,-136.9452,-153.84,-116.2093,-121.3307,-70.99738,-97.3266,-77.15675,-111.0435,-101.9733,-129.1179,-116.1446,-118.0953,-122.1325,-120.9119,-113.293,-104.6923,-103.3007,-89.93331,-89.00751
-6.170641,-15.21144,-7.642363,-2.833066,-38.7298,-39.0091,-94.77597,-79.38803,-111.4455,-118.2316,-120.7625,-123.854,-133.1904,-142.9449,-133.7182,-135.9609,-92.52978,-130.2581,-89.02567,-125.3275,-121.7493,-122.2658,-129.9407,-125.0467,-116.8558,-119.1385,-120.8117,-112.1266,-107.4093,-99.47462,-89.57287,-80.2956
-33.14783,-11.10851,-8.72434,-12.69678,-20.31105,-30.62995,-46.15887,-85.85908,-93.11847,-97.98711,-118.0507,-122.7687,-118.8085,-115.4452,-129.8316,-121.1447,-129.7754,-120.4337,-131.9889,-127.438,-121.0727,-126.7214,-122.0775,-121.5388,-116.8301,-105.1313,-104.3404,-104.3805,-97.28371,-94.66401,-85.29713,-81.69545
-15.87603,-28.79425,-15.66773,-12.40953,-16.70216,-20.6465,-61.79784,-41.44421,-96.74546,-101.8956,-112.7001,-115.9427,-118.3025,-133.2903,-124.1845,-129.9234,-114.7187,-132.7675,-126.1298,-134.8152,-119.7483,-120.0881,-124.308,-128.645,-110.9102,-112.8681,-102.983,-104.293,-90.49782,-93.74255,-83.36839,-84.11449
