4.116554e+01,4.031043e+01,5.460741e+01,6.280407e+01,7.374619e+01,7.091763e+01,8.572237e+01,8.219962e+01,1.018973e+02,9.800525e+01,1.040663e+02,1.009508e+02,1.202085e+02,1.144472e+02,1.196459e+02,1.280558e+02,1.330853e+02,1.186906e+02,1.325983e+02,1.288679e+02,1.259703e+02,1.165699e+02,1.225895e+02,1.189634e+02,1.070040e+02,1.001364e+02,1.017854e+02,1.019307e+02,8.966253e+01,9.009648e+01,8.948976e+01,1.363719e-16,
4.368240e+01,4.839692e+01,6.111734e+01,6.620190e+01,7.451137e+01,7.887232e+01,8.587389e+01,9.372960e+01,9.355636e+01,1.025966e+02,1.039791e+02,1.219500e+02,1.155914e+02,1.192207e+02,1.290183e+02,1.356679e+02,1.282737e+02,1.422542e+02,1.372988e+02,1.233043e+02,1.306176e+02,1.303853e+02,1.274572e+02,1.228202e+02,1.149625e+02,1.090872e+02,1.013061e+02,1.010812e+02,9.334022e+01,9.131242e+01,7.905462e+01,7.501328e+01,
5.714355e+01,5.945964e+01,7.015617e+01,7.223652e+01,8.598901e+01,8.451060e+01,9.912440e+01,1.010068e+02,1.142477e+02,1.122168e+02,1.236270e+02,1.148647e+02,1.349377e+02,1.363382e+02,1.389722e+02,1.335161e+02,1.343358e+02,1.435713e+02,1.400569e+02,1.391710e+02,1.389013e+02,1.308303e+02,1.278870e+02,1.327030e+02,1.268082e+02,1.279592e+02,1.060683e+02,1.121663e+02,1.034646e+02,9.676830e+01,8.659196e+01,8.834031e+01,
5.151756e+01,6.587542e+01,7.345564e+01,7.903164e+01,8.594206e+01,9.243262e+01,9.494062e+01,1.044192e+02,1.141860e+02,1.122473e+02,1.153800e+02,1.280812e+02,1.288430e+02,1.410258e+02,1.398625e+02,1.419051e+02,1.338872e+02,1.420533e+02,1.495292e+02,1.423627e+02,1.433129e+02,1.339594e+02,1.325519e+02,1.383936e+02,1.170422e+02,1.245891e+02,1.187135e+02,1.155591e+02,1.030037e+02,1.008745e+02,9.475410e+01,9.104282e+01,
7.425380e+01,6.270548e+01,7.722785e+01,8.465166e+01,9.543941e+01,8.797349e+01,1.144611e+02,1.139300e+02,1.230369e+02,1.237057e+02,1.254922e+02,1.432406e+02,1.359789e+02,1.452343e+02,1.495298e+02,1.493100e+02,1.584722e+02,1.393177e+02,1.496178e+02,1.495524e+02,1.435260e+02,1.453188e+02,1.326951e+02,1.346225e+02,1.316083e+02,1.297043e+02,1.198137e+02,1.277289e+02,1.073429e+02,9.966739e+01,9.860667e+01,9.931548e+01,
6.806423e+01,7.231416e+01,8.125758e+01,8.785081e+01,9.166222e+01,9.558415e+01,1.132594e+02,1.182253e+02,1.221792e+02,1.276933e+02,1.288261e+02,1.999336e+02,1.298218e+02,1.444506e+02,1.495292e+02,1.416431e+02,1.487435e+02,1.588019e+02,1.486326e+02,1.542423e+02,1.374465e+02,1.340814e+02,1.424333e+02,1.133537e+02,1.302248e+02,1.208953e+02,1.247201e+02,1.260121e+02,1.148511e+02,1.076284e+02,1.022721e+02,1.019331e+02,
8.408491e+01,6.916757e+01,9.239774e+01,9.452135e+01,9.866819e+01,1.081693e+02,1.174909e+02,1.386293e+02,1.303786e+02,1.214989e+02,1.479071e+02,1.445834e+02,1.537009e+02,1.449190e+02,1.595193e+02,1.542728e+02,1.539654e+02,1.568776e+02,1.454138e+02,1.482753e+02,1.124143e+02,1.263001e+02,7.652009e+01,1.204629e+02,1.259764e+02,1.315120e+02,1.290934e+02,1.258729e+02,1.154596e+02,1.171035e+02,1.067492e+02,1.040957e+02,
7.594268e+01,8.259145e+01,8.456315e+01,9.208678e+01,1.015615e+02,1.086715e+02,1.206513e+02,1.272330e+02,1.349781e+02,1.354380e+02,1.416473e+02,1.524905e+02,1.485078e+02,1.537311e+02,1.582209e+02,1.572970e+02,1.478008e+02,1.504262e+02,1.484698e+02,1.213896e+02,1.055762e+02,7.486056e+01,1.153900e+02,6.161558e+01,1.385515e+02,1.308538e+02,1.418217e+02,1.286218e+02,1.197533e+02,1.128422e+02,1.064630e+02,1.066781e+02,
9.015621e+01,7.441927e+01,9.541730e+01,9.618069e+01,1.093910e+02,1.081458e+02,1.300235e+02,1.298044e+02,1.337348e+02,1.355296e+02,1.567565e+02,1.454568e+02,1.544634e+02,1.516354e+02,1.579584e+02,1.725159e+02,1.309825e+02,1.334955e+02,8.113839e+01,7.762943e+01,5.398899e+01,4.593779e+01,3.775406e+01,9.535156e+01,9.349482e+01,1.296444e+02,1.208286e+02,1.373087e+02,1.195205e+02,1.145695e+02,1.074453e+02,1.137971e+02,
7.445576e+01,9.141394e+01,9.403349e+01,9.443233e+01,1.038814e+02,1.201793e+02,1.284616e+02,1.374274e+02,1.325732e+02,1.437465e+02,1.398918e+02,1.485069e+02,1.578644e+02,1.516400e+02,1.552697e+02,1.440585e+02,1.188366e+02,9.037945e+01,7.838122e+01,3.829206e+01,5.132501e+01,3.872313e+01,5.494773e+01,3.209195e+01,1.265140e+02,8.953263e+01,1.330142e+02,1.242789e+02,1.310729e+02,1.220755e+02,1.105109e+02,1.075579e+02,
8.141906e+01,7.868266e+01,9.522811e+01,9.723394e+01,1.120024e+02,1.086586e+02,1.301974e+02,1.318485e+02,1.456869e+02,1.452219e+02,1.481289e+02,1.561020e+02,1.544750e+02,1.314825e+02,1.060767e+02,1.098266e+02,5.315055e+01,5.740733e+01,3.935620e+01,4.123606e+01,2.890166e+01,3.184813e+01,1.178919e+01,4.602908e+01,3.729323e+01,1.176738e+02,1.135782e+02,1.274565e+02,1.153772e+02,1.160699e+02,1.062620e+02,1.053779e+02,
7.578589e+01,7.882574e+01,9.465799e+01,9.894624e+01,1.054035e+02,1.159655e+02,1.292953e+02,1.438665e+02,1.354079e+02,1.596299e+02,1.506548e+02,1.593095e+02,1.384311e+02,1.248732e+02,9.283138e+01,6.568838e+01,5.697419e+01,5.549517e+01,3.081480e+01,3.359909e+01,2.032462e+01,1.301053e+01,1.843029e+01,-7.908955e+00,9.217448e+01,4.678881e+01,1.299853e+02,1.103155e+02,1.214940e+02,1.276621e+02,1.136349e+02,1.029463e+02,
7.732349e+01,7.968250e+01,9.885130e+01,1.006735e+02,1.112981e+02,1.156830e+02,1.362932e+02,1.361195e+02,1.409628e+02,1.391420e+02,1.493680e+02,1.426494e+02,1.461975e+02,8.272455e+01,7.029996e+01,5.259521e+01,4.826998e+01,4.242085e+01,3.935620e+01,1.589315e+01,2.908163e+00,-5.025387e+00,-1.761473e+01,1.018061e+01,1.146368e+01,8.278526e+01,7.431203e+01,1.236309e+02,1.239425e+02,1.319121e+02,1.149081e+02,1.095093e+02,
7.530129e+01,8.163603e+01,8.985527e+01,9.513358e+01,1.090851e+02,1.181456e+02,1.299326e+02,1.330616e+02,1.483530e+02,1.437257e+02,1.466779e+02,1.494003e+02,9.692891e+01,1.372035e+02,4.075754e+01,7.014293e+01,4.123889e+01,3.957593e+01,1.472769e+01,1.719619e+01,-1.578807e+01,2.402072e+00,-6.045321e+00,2.566240e+00,4.217640e+01,3.631923e+01,1.202063e+02,8.148296e+01,1.268732e+02,1.205861e+02,1.117761e+02,1.019702e+02,
7.666520e+01,7.441319e+01,9.475755e+01,9.690444e+01,1.047070e+02,1.103803e+02,1.230525e+02,1.286310e+02,1.444304e+02,1.338785e+02,1.462832e+02,1.393464e+02,1.448886e+02,9.582193e+01,9.353964e+01,4.624604e+01,3.731841e+01,2.058009e+01,3.769130e+01,1.557826e+01,2.159471e+01,-1.052256e+01,1.762715e+01,9.816647e+00,3.548731e+01,3.823961e+01,5.098708e+01,1.135784e+02,1.148811e+02,1.137359e+02,1.046917e+02,1.079785e+02,
6.809489e+01,7.624111e+01,9.365412e+01,9.422382e+01,1.062338e+02,1.052083e+02,1.257904e+02,1.296629e+02,1.428726e+02,1.367437e+02,1.390934e+02,1.525016e+02,1.314089e+02,1.440803e+02,3.953308e+01,7.975526e+01,3.525991e+01,4.354244e+01,2.458963e+01,3.209906e+01,4.127698e+00,3.765197e+01,1.375948e+01,3.571769e+01,2.805334e+01,3.535092e+01,9.525230e+01,6.191093e+01,1.109236e+02,1.069282e+02,1.101804e+02,1.084024e+02,
4.702897e+01,5.308212e+01,6.261543e+01,6.395508e+01,6.809402e+01,8.451397e+01,1.018082e+02,1.095803e+02,1.135084e+02,1.059519e+02,1.248982e+02,1.253383e+02,1.266459e+02,1.015445e+02,1.043585e+02,2.451203e+01,4.479728e+01,1.340840e+01,1.502628e+01,1.916985e+01,2.130348e+01,8.188104e+00,1.966047e+01,1.844407e+01,3.284659e+01,2.190814e+01,6.026477e+01,7.146107e+01,9.111198e+01,8.754385e+01,7.838985e+01,8.511222e+01,
6.228909e+01,6.993414e+01,6.693700e+01,6.332228e+01,9.778925e+01,8.801152e+01,1.148575e+02,1.224988e+02,1.271559e+02,1.440097e+02,1.461740e+02,1.457724e+02,1.409644e+02,1.513718e+02,7.943519e+01,1.146496e+02,3.382880e+01,6.281923e+01,2.865653e+01,4.160312e+01,4.364578e+01,4.667814e+01,4.456879e+01,5.985219e+01,3.989939e+01,7.735175e+01,8.289552e+01,1.061955e+02,1.029111e+02,1.085173e+02,1.071213e+02,1.045285e+02,
4.741346e+01,3.238033e+01,2.513142e+01,4.410581e+01,4.727516e+01,8.769968e+01,1.085993e+02,1.095803e+02,1.269685e+02,1.265483e+02,1.347116e+02,1.407136e+02,1.410799e+02,1.270770e+02,1.414086e+02,7.876772e+01,1.052700e+02,3.900619e+01,4.745017e+01,4.957735e+01,5.467403e+01,4.308327e+01,8.624338e+01,6.268112e+01,1.084251e+02,1.027253e+02,1.205153e+02,1.137765e+02,1.133584e+02,1.103018e+02,9.931255e+01,9.767824e+01,
1.881177e+01,2.000623e+01,1.969803e+01,1.885112e+01,6.913100e+01,5.779722e+01,1.059831e+02,1.067273e+02,1.154453e+02,1.287841e+02,1.417294e+02,1.410623e+02,1.387959e+02,1.538083e+02,1.186023e+02,1.410642e+02,5.110233e+01,9.587982e+01,5.340897e+01,6.697791e+01,6.012342e+01,9.348273e+01,9.161797e+01,1.238051e+02,9.904603e+01,1.275822e+02,1.215033e+02,1.284470e+02,1.079026e+02,1.150850e+02,1.034003e+02,8.934958e+01,
2.030643e+01,-1.912150e+00,-1.025465e+00,2.400491e+01,2.568908e+01,5.690557e+01,7.738174e+01,1.046946e+02,1.114047e+02,1.174168e+02,1.237593e+02,1.292229e+02,1.315937e+02,1.369452e+02,1.538400e+02,1.162093e+02,1.213307e+02,7.099738e+01,9.732660e+01,7.715675e+01,1.110435e+02,1.019733e+02,1.291179e+02,1.161446e+02,1.180953e+02,1.221325e+02,1.209119e+02,1.132930e+02,1.046923e+02,1.033007e+02,8.993331e+01,8.900751e+01,
6.170641e+00,1.521144e+01,7.642363e+00,2.833066e+00,3.872980e+01,3.900910e+01,9.477597e+01,7.938803e+01,1.114455e+02,1.182316e+02,1.207625e+02,1.238540e+02,1.331904e+02,1.429449e+02,1.337182e+02,1.359609e+02,9.252978e+01,1.302581e+02,8.902567e+01,1.253275e+02,1.217493e+02,1.222658e+02,1.299407e+02,1.250467e+02,1.168558e+02,1.191385e+02,1.208117e+02,1.121266e+02,1.074093e+02,9.947462e+01,8.957287e+01,8.029560e+01,
3.314783e+01,1.110851e+01,8.724340e+00,1.269678e+01,2.031105e+01,3.062995e+01,4.615887e+01,8.585908e+01,9.311847e+01,9.798711e+01,1.180507e+02,1.227687e+02,1.188085e+02,1.154452e+02,1.298316e+02,1.211447e+02,1.297754e+02,1.204337e+02,1.319889e+02,1.274380e+02,1.210727e+02,1.267214e+02,1.220775e+02,1.215388e+02,1.168301e+02,1.051313e+02,1.043404e+02,1.043805e+02,9.728371e+01,9.466401e+01,8.529713e+01,8.169545e+01,
1.587603e+01,2.879425e+01,1.566773e+01,1.240953e+01,1.670216e+01,2.064650e+01,6.179784e+01,4.144421e+01,9.674546e+01,1.018956e+02,1.127001e+02,1.159427e+02,1.183025e+02,1.332903e+02,1.241845e+02,1.299234e+02,1.147187e+02,1.327675e+02,1.261298e+02,1.348152e+02,1.197483e+02,1.200881e+02,1.243080e+02,1.286450e+02,1.109102e+02,1.128681e+02,1.029830e+02,1.042930e+02,9.049782e+01,9.374255e+01,8.336839e+01,8.411449e+01,
